0.100000
0.325000
0.550000
0.549900
0.549800
0.549700
0.549600
0.549500
0.549400
0.549300
0.549200
0.549100
0.549000
0.548900
0.548800
0.548700
0.548600
0.548500
0.548400
0.548300
0.548200
0.548100
0.548000
0.547900
0.547800
0.547700
0.547600
0.547500
0.547400
0.547300
0.547200
0.547100
0.547000
0.546900
0.546800
0.546700
0.546600
0.546500
0.546400
0.546300
0.546200
0.546100
0.546000
0.545900
0.545800
0.545700
0.545600
0.545500
0.545400
0.545300
0.545200
0.545100
0.545000
0.544900
0.544800
0.544700
0.544600
0.544500
0.544400
0.544300
0.544200
0.544100
0.544000
0.543900
0.543800
0.543700
0.543600
0.543500
0.543400
0.543300
0.543200
0.543100
0.543000
0.542900
0.542800
0.542700
0.542600
0.542500
0.542400
0.542300
0.542200
0.542100
0.542000
0.541900
0.541800
0.541700
0.541600
0.541500
0.541400
0.541300
0.541200
0.541100
0.541000
0.540900
0.540800
0.540700
0.540600
0.540500
0.540400
0.540300
0.540200
0.540100
0.540000
0.539900
0.539800
0.539700
0.539600
0.539500
0.539400
0.539300
0.539200
0.539100
0.539000
0.538900
0.538800
0.538700
0.538600
0.538500
0.538400
0.538300
0.538200
0.538100
0.538000
0.537900
0.537800
0.537700
0.537600
0.537500
0.537400
0.537300
0.537200
0.537100
0.537000
0.536900
0.536800
0.536700
0.536600
0.536500
0.536400
0.536300
0.536200
0.536100
0.536000
0.535900
0.535800
0.535700
0.535600
0.535500
0.535400
0.535300
0.535200
0.535100
0.535000
0.534900
0.534800
0.534700
0.534600
0.534500
0.534400
0.534300
0.534200
0.534100
0.534000
0.533900
0.533800
0.533700
0.533600
0.533500
0.533400
0.533300
0.533200
0.533100
0.533000
0.532900
0.532800
0.532700
0.532600
0.532500
0.532400
0.532300
0.532200
0.532100
0.532000
0.531900
0.531800
0.531700
0.531600
0.531500
0.531400
0.531300
0.531200
0.531100
0.531000
0.530900
0.530800
0.530700
0.530600
0.530500
0.530400
0.530300
0.530200
0.530100
0.530000
0.529900
0.529800
0.529700
0.529600
0.529500
0.529400
0.529300
0.529200
0.529100
0.529000
0.528900
0.528800
0.528700
0.528600
0.528500
0.528400
0.528300
0.528200
0.528100
0.528000
0.527900
0.527800
0.527700
0.527600
0.527500
0.527400
0.527300
0.527200
0.527100
0.527000
0.526900
0.526800
0.526700
0.526600
0.526500
0.526400
0.526300
0.526200
0.526100
0.526000
0.525900
0.525800
0.525700
0.525600
0.525500
0.525400
0.525300
0.525200
0.525100
0.525000
0.524900
0.524800
0.524700
0.524600
0.524500
0.524400
0.524300
0.524200
0.524100
0.524000
0.523900
0.523800
0.523700
0.523600
0.523500
0.523400
0.523300
0.523200
0.523100
0.523000
0.522900
0.522800
0.522700
0.522600
0.522500
0.522400
0.522300
0.522200
0.522100
0.522000
0.521900
0.521800
0.521700
0.521600
0.521500
0.521400
0.521300
0.521200
0.521100
0.521000
0.520900
0.520800
0.520700
0.520600
0.520500
0.520400
0.520300
0.520200
0.520100
0.520000
0.519900
0.519800
0.519700
0.519600
0.519500
0.519400
0.519300
0.519200
0.519100
0.519000
0.518900
0.518800
0.518700
0.518600
0.518500
0.518400
0.518300
0.518200
0.518100
0.518000
0.517900
0.517800
0.517700
0.517600
0.517500
0.517400
0.517300
0.517200
0.517100
0.517000
0.516900
0.516800
0.516700
0.516600
0.516500
0.516400
0.516300
0.516200
0.516100
0.516000
0.515900
0.515800
0.515700
0.515600
0.515500
0.515400
0.515300
0.515200
0.515100
0.515000
0.514900
0.514800
0.514700
0.514600
0.514500
0.514400
0.514300
0.514200
0.514100
0.514000
0.513900
0.513800
0.513700
0.513600
0.513500
0.513400
0.513300
0.513200
0.513100
0.513000
0.512900
0.512800
0.512700
0.512600
0.512500
0.512400
0.512300
0.512200
0.512100
0.512000
0.511900
0.511800
0.511700
0.511600
0.511500
0.511400
0.511300
0.511200
0.511100
0.511000
0.510900
0.510800
0.510700
0.510600
0.510500
0.510400
0.510300
0.510200
0.510100
0.510000
0.509900
0.509800
0.509700
0.509600
0.509500
0.509400
0.509300
0.509200
0.509100
0.509000
0.508900
0.508800
0.508700
0.508600
0.508500
0.508400
0.508300
0.508200
0.508100
0.508000
0.507900
0.507800
0.507700
0.507600
0.507500
0.507400
0.507300
0.507200
0.507100
0.507000
0.506900
0.506800
0.506700
0.506600
0.506500
0.506400
0.506300
0.506200
0.506100
0.506000
0.505900
0.505800
0.505700
0.505600
0.505500
0.505400
0.505300
0.505200
0.505100
0.505000
0.504900
0.504800
0.504700
0.504600
0.504500
0.504400
0.504300
0.504200
0.504100
0.504000
0.503900
0.503800
0.503700
0.503600
0.503500
0.503400
0.503300
0.503200
0.503100
0.503000
0.502900
0.502800
0.502700
0.502600
0.502500
0.502400
0.502300
0.502200
0.502100
0.502000
0.501900
0.501800
0.501700
0.501600
0.501500
0.501400
0.501300
0.501200
0.501100
0.501000
0.500900
0.500800
0.500700
0.500600
0.500500
0.500400
0.500300
0.500200
0.500100
0.500000
0.499900
0.499800
0.499700
0.499600
0.499500
0.499400
0.499300
0.499200
0.499100
0.499000
0.498900
0.498800
0.498700
0.498600
0.498500
0.498400
0.498300
0.498200
0.498100
0.498000
0.497900
0.497800
0.497700
0.497600
0.497500
0.497400
0.497300
0.497200
0.497100
0.497000
0.496900
0.496800
0.496700
0.496600
0.496500
0.496400
0.496300
0.496200
0.496100
0.496000
0.495900
0.495800
0.495700
0.495600
0.495500
0.495400
0.495300
0.495200
0.495100
0.495000
0.494900
0.494800
0.494700
0.494600
0.494500
0.494400
0.494300
0.494200
0.494100
0.494000
0.493900
0.493800
0.493700
0.493600
0.493500
0.493400
0.493300
0.493200
0.493100
0.493000
0.492900
0.492800
0.492700
0.492600
0.492500
0.492400
0.492300
0.492200
0.492100
0.492000
0.491900
0.491800
0.491700
0.491600
0.491500
0.491400
0.491300
0.491200
0.491100
0.491000
0.490900
0.490800
0.490700
0.490600
0.490500
0.490400
0.490300
0.490200
0.490100
0.490000
0.489900
0.489800
0.489700
0.489600
0.489500
0.489400
0.489300
0.489200
0.489100
0.489000
0.488900
0.488800
0.488700
0.488600
0.488500
0.488400
0.488300
0.488200
0.488100
0.488000
0.487900
0.487800
0.487700
0.487600
0.487500
0.487400
0.487300
0.487200
0.487100
0.487000
0.486900
0.486800
0.486700
0.486600
0.486500
0.486400
0.486300
0.486200
0.486100
0.486000
0.485900
0.485800
0.485700
0.485600
0.485500
0.485400
0.485300
0.485200
0.485100
0.485000
0.484900
0.484800
0.484700
0.484600
0.484500
0.484400
0.484300
0.484200
0.484100
0.484000
0.483900
0.483800
0.483700
0.483600
0.483500
0.483400
0.483300
0.483200
0.483100
0.483000
0.482900
0.482800
0.482700
0.482600
0.482500
0.482400
0.482300
0.482200
0.482100
0.482000
0.481900
0.481800
0.481700
0.481600
0.481500
0.481400
0.481300
0.481200
0.481100
0.481000
0.480900
0.480800
0.480700
0.480600
0.480500
0.480400
0.480300
0.480200
0.480100
0.480000
0.479900
0.479800
0.479700
0.479600
0.479500
0.479400
0.479300
0.479200
0.479100
0.479000
0.478900
0.478800
0.478700
0.478600
0.478500
0.478400
0.478300
0.478200
0.478100
0.478000
0.477900
0.477800
0.477700
0.477600
0.477500
0.477400
0.477300
0.477200
0.477100
0.477000
0.476900
0.476800
0.476700
0.476600
0.476500
0.476400
0.476300
0.476200
0.476100
0.476000
0.475900
0.475800
0.475700
0.475600
0.475500
0.475400
0.475300
0.475200
0.475100
0.475000
0.474900
0.474800
0.474700
0.474600
0.474500
0.474400
0.474300
0.474200
0.474100
0.474000
0.473900
0.473800
0.473700
0.473600
0.473500
0.473400
0.473300
0.473200
0.473100
0.473000
0.472900
0.472800
0.472700
0.472600
0.472500
0.472400
0.472300
0.472200
0.472100
0.472000
0.471900
0.471800
0.471700
0.471600
0.471500
0.471400
0.471300
0.471200
0.471100
0.471000
0.470900
0.470800
0.470700
0.470600
0.470500
0.470400
0.470300
0.470200
0.470100
0.470000
0.469900
0.469800
0.469700
0.469600
0.469500
0.469400
0.469300
0.469200
0.469100
0.469000
0.468900
0.468800
0.468700
0.468600
0.468500
0.468400
0.468300
0.468200
0.468100
0.468000
0.467900
0.467800
0.467700
0.467600
0.467500
0.467400
0.467300
0.467200
0.467100
0.467000
0.466900
0.466800
0.466700
0.466600
0.466500
0.466400
0.466300
0.466200
0.466100
0.466000
0.465900
0.465800
0.465700
0.465600
0.465500
0.465400
0.465300
0.465200
0.465100
0.465000
0.464900
0.464800
0.464700
0.464600
0.464500
0.464400
0.464300
0.464200
0.464100
0.464000
0.463900
0.463800
0.463700
0.463600
0.463500
0.463400
0.463300
0.463200
0.463100
0.463000
0.462900
0.462800
0.462700
0.462600
0.462500
0.462400
0.462300
0.462200
0.462100
0.462000
0.461900
0.461800
0.461700
0.461600
0.461500
0.461400
0.461300
0.461200
0.461100
0.461000
0.460900
0.460800
0.460700
0.460600
0.460500
0.460400
0.460300
0.460200
0.460100
0.460000
0.459900
0.459800
0.459700
0.459600
0.459500
0.459400
0.459300
0.459200
0.459100
0.459000
0.458900
0.458800
0.458700
0.458600
0.458500
0.458400
0.458300
0.458200
0.458100
0.458000
0.457900
0.457800
0.457700
0.457600
0.457500
0.457400
0.457300
0.457200
0.457100
0.457000
0.456900
0.456800
0.456700
0.456600
0.456500
0.456400
0.456300
0.456200
0.456100
0.456000
0.455900
0.455800
0.455700
0.455600
0.455500
0.455400
0.455300
0.455200
0.455100
0.455000
0.454900
0.454800
0.454700
0.454600
0.454500
0.454400
0.454300
0.454200
0.454100
0.454000
0.453900
0.453800
0.453700
0.453600
0.453500
0.453400
0.453300
0.453200
0.453100
0.453000
0.452900
0.452800
0.452700
0.452600
0.452500
0.452400
0.452300
0.452200
0.452100
0.452000
0.451900
0.451800
0.451700
0.451600
0.451500
0.451400
0.451300
0.451200
0.451100
0.451000
0.450900
0.450800
0.450700
0.450600
0.450500
0.450400
0.450300
0.450200
0.450100
0.450000
0.449900
0.449800
0.449700
0.449600
0.449500
0.449400
0.449300
0.449200
0.449100
0.449000
0.448900
0.448800
0.448700
0.448600
0.448500
0.448400
0.448300
0.448200
0.448100
0.448000
0.447900
0.447800
0.447700
0.447600
0.447500
0.447400
0.447300
0.447200
0.447100
0.447000
0.446900
0.446800
0.446700
0.446600
0.446500
0.446400
0.446300
0.446200
0.446100
0.446000
0.445900
0.445800
0.445700
0.445600
0.445500
0.445400
0.445300
0.445200
0.445100
0.445000
0.444900
0.444800
0.444700
0.444600
0.444500
0.444400
0.444300
0.444200
0.444100
0.444000
0.443900
0.443800
0.443700
0.443600
0.443500
0.443400
0.443300
0.443200
0.443100
0.443000
0.442900
0.442800
0.442700
0.442600
0.442500
0.442400
0.442300
0.442200
0.442100
0.442000
0.441900
0.441800
0.441700
0.441600
0.441500
0.441400
0.441300
0.441200
0.441100
0.441000
0.440900
0.440800
0.440700
0.440600
0.440500
0.440400
0.440300
0.440200
0.440100
0.440000
0.439900
0.439800
0.439700
0.439600
0.439500
0.439400
0.439300
0.439200
0.439100
0.439000
0.438900
0.438800
0.438700
0.438600
0.438500
0.438400
0.438300
0.438200
0.438100
0.438000
0.437900
0.437800
0.437700
0.437600
0.437500
0.437400
0.437300
0.437200
0.437100
0.437000
0.436900
0.436800
0.436700
0.436600
0.436500
0.436400
0.436300
0.436200
0.436100
0.436000
0.435900
0.435800
0.435700
0.435600
0.435500
0.435400
0.435300
0.435200
0.435100
0.435000
0.434900
0.434800
0.434700
0.434600
0.434500
0.434400
0.434300
0.434200
0.434100
0.434000
0.433900
0.433800
0.433700
0.433600
0.433500
0.433400
0.433300
0.433200
0.433100
0.433000
0.432900
0.432800
0.432700
0.432600
0.432500
0.432400
0.432300
0.432200
0.432100
0.432000
0.431900
0.431800
0.431700
0.431600
0.431500
0.431400
0.431300
0.431200
0.431100
0.431000
0.430900
0.430800
0.430700
0.430600
0.430500
0.430400
0.430300
0.430200
0.430100
0.430000
0.429900
0.429800
0.429700
0.429600
0.429500
0.429400
0.429300
0.429200
0.429100
0.429000
0.428900
0.428800
0.428700
0.428600
0.428500
0.428400
0.428300
0.428200
0.428100
0.428000
0.427900
0.427800
0.427700
0.427600
0.427500
0.427400
0.427300
0.427200
0.427100
0.427000
0.426900
0.426800
0.426700
0.426600
0.426500
0.426400
0.426300
0.426200
0.426100
0.426000
0.425900
0.425800
0.425700
0.425600
0.425500
0.425400
0.425300
0.425200
0.425100
0.425000
0.424900
0.424800
0.424700
0.424600
0.424500
0.424400
0.424300
0.424200
0.424100
0.424000
0.423900
0.423800
0.423700
0.423600
0.423500
0.423400
0.423300
0.423200
0.423100
0.423000
0.422900
0.422800
0.422700
0.422600
0.422500
0.422400
0.422300
0.422200
0.422100
0.422000
0.421900
0.421800
0.421700
0.421600
0.421500
0.421400
0.421300
0.421200
0.421100
0.421000
0.420900
0.420800
0.420700
0.420600
0.420500
0.420400
0.420300
0.420200
0.420100
0.420000
0.419900
0.419800
0.419700
0.419600
0.419500
0.419400
0.419300
0.419200
0.419100
0.419000
0.418900
0.418800
0.418700
0.418600
0.418500
0.418400
0.418300
0.418200
0.418100
0.418000
0.417900
0.417800
0.417700
0.417600
0.417500
0.417400
0.417300
0.417200
0.417100
0.417000
0.416900
0.416800
0.416700
0.416600
0.416500
0.416400
0.416300
0.416200
0.416100
0.416000
0.415900
0.415800
0.415700
0.415600
0.415500
0.415400
0.415300
0.415200
0.415100
0.415000
0.414900
0.414800
0.414700
0.414600
0.414500
0.414400
0.414300
0.414200
0.414100
0.414000
0.413900
0.413800
0.413700
0.413600
0.413500
0.413400
0.413300
0.413200
0.413100
0.413000
0.412900
0.412800
0.412700
0.412600
0.412500
0.412400
0.412300
0.412200
0.412100
0.412000
0.411900
0.411800
0.411700
0.411600
0.411500
0.411400
0.411300
0.411200
0.411100
0.411000
0.410900
0.410800
0.410700
0.410600
0.410500
0.410400
0.410300
0.410200
0.410100
0.410000
0.409900
0.409800
0.409700
0.409600
0.409500
0.409400
0.409300
0.409200
0.409100
0.409000
0.408900
0.408800
0.408700
0.408600
0.408500
0.408400
0.408300
0.408200
0.408100
0.408000
0.407900
0.407800
0.407700
0.407600
0.407500
0.407400
0.407300
0.407200
0.407100
0.407000
0.406900
0.406800
0.406700
0.406600
0.406500
0.406400
0.406300
0.406200
0.406100
0.406000
0.405900
0.405800
0.405700
0.405600
0.405500
0.405400
0.405300
0.405200
0.405100
0.405000
0.404900
0.404800
0.404700
0.404600
0.404500
0.404400
0.404300
0.404200
0.404100
0.404000
0.403900
0.403800
0.403700
0.403600
0.403500
0.403400
0.403300
0.403200
0.403100
0.403000
0.402900
0.402800
0.402700
0.402600
0.402500
0.402400
0.402300
0.402200
0.402100
0.402000
0.401900
0.401800
0.401700
0.401600
0.401500
0.401400
0.401300
0.401200
0.401100
0.401000
0.400900
0.400800
0.400700
0.400600
0.400500
0.400400
0.400300
0.400200
0.400100
0.400000
0.399900
0.399800
0.399700
0.399600
0.399500
0.399400
0.399300
0.399200
0.399100
0.399000
0.398900
0.398800
0.398700
0.398600
0.398500
0.398400
0.398300
0.398200
0.398100
0.398000
0.397900
0.397800
0.397700
0.397600
0.397500
0.397400
0.397300
0.397200
0.397100
0.397000
0.396900
0.396800
0.396700
0.396600
0.396500
0.396400
0.396300
0.396200
0.396100
0.396000
0.395900
0.395800
0.395700
0.395600
0.395500
0.395400
0.395300
0.395200
0.395100
0.395000
0.394900
0.394800
0.394700
0.394600
0.394500
0.394400
0.394300
0.394200
0.394100
0.394000
0.393900
0.393800
0.393700
0.393600
0.393500
0.393400
0.393300
0.393200
0.393100
0.393000
0.392900
0.392800
0.392700
0.392600
0.392500
0.392400
0.392300
0.392200
0.392100
0.392000
0.391900
0.391800
0.391700
0.391600
0.391500
0.391400
0.391300
0.391200
0.391100
0.391000
0.390900
0.390800
0.390700
0.390600
0.390500
0.390400
0.390300
0.390200
0.390100
0.390000
0.389900
0.389800
0.389700
0.389600
0.389500
0.389400
0.389300
0.389200
0.389100
0.389000
0.388900
0.388800
0.388700
0.388600
0.388500
0.388400
0.388300
0.388200
0.388100
0.388000
0.387900
0.387800
0.387700
0.387600
0.387500
0.387400
0.387300
0.387200
0.387100
0.387000
0.386900
0.386800
0.386700
0.386600
0.386500
0.386400
0.386300
0.386200
0.386100
0.386000
0.385900
0.385800
0.385700
0.385600
0.385500
0.385400
0.385300
0.385200
0.385100
0.385000
0.384900
0.384800
0.384700
0.384600
0.384500
0.384400
0.384300
0.384200
0.384100
0.384000
0.383900
0.383800
0.383700
0.383600
0.383500
0.383400
0.383300
0.383200
0.383100
0.383000
0.382900
0.382800
0.382700
0.382600
0.382500
0.382400
0.382300
0.382200
